#gate	 #BASE
1	#gate	 #BASE
1		 0.06		 0.04		 0.08		 0.06		 0.05		 0.06		 0.07		 0.06		 0.04		 0.07	
6		 0.10		 0.13		 0.12		 0.10		 0.13		 0.14		 0.14		 0.14		 0.17		 0.15	
11		 0.23		 0.25		 0.25		 0.15		 0.18		 0.23		 0.24		 0.24		 0.25		 0.18	
16		 0.38		 0.27		 0.33		 0.55		 0.32		 0.33		 0.36		 0.28		 0.30		 0.32	
21		 0.49		 0.42		 0.58		 0.35		 0.48		 0.37		 0.82		 0.62		 0.73		 0.43	
26		 0.72		 0.96		 0.77		 0.60		 0.68		 0.37		 0.79		 0.55		 0.56		 0.74	
31		 0.61		 0.86		 2.31		 1.01		 0.76		 1.14		 0.65		 0.90		 0.99		 1.89	
36		 0.94		 0.73		 1.67		 0.74		 1.25		 1.00		 1.01		 1.24		 1.30		 0.74	
41		 2.08		 1.10		 0.90		 1.19		 1.14		 1.13		 1.79		 1.05		 1.54		 1.16	
46		 1.50		 1.32		 1.46		 1.98		 3.58		 1.44		 1.61		 1.37		 1.76		 2.03	
51		 2.12		 2.58		 1.42		 2.37		 1.53		 1.59		 1.89		 2.51		 2.35		 2.06	
56		 1.69		 2.09		 2.52		 2.25		 2.00		 1.94		 2.61		 3.53		 2.31		 1.72	
61		 2.48		 2.93		 2.78		 2.48		 2.70		 4.03		 3.21		 3.12		 2.61		 2.87	
66		 4.31		 3.60		 2.37		 3.80		 2.45		 3.25		 2.50		 2.01		 2.34		 2.51	
71		 3.31		 4.01		 3.04		 3.14		 2.62		 2.02		 4.03		 5.58		 3.52		 3.75	
76		 3.41		 2.40		 2.84		 2.24		 3.11		 3.56		 3.02		 5.35		 3.44		 4.11	
81		 3.14		 3.64		 3.96		 4.22		 3.43		 5.85		 4.20		 3.98		 5.45		 2.82	
86		 4.11		 2.98		 6.72		 4.14		 5.12		 3.82		 4.59		 5.41		 4.90		 9.36	
91		 10.21		 6.20		 4.23		 3.93		 6.91		 7.37		 4.70		 5.64		 3.98		 5.46	
96		 5.01		 5.15		 4.66		 6.11		 7.96		 6.13		 4.25		 6.52		 7.70		 5.91	
101		 5.35		 6.82		 6.00		 7.27		 7.04		 4.28		 4.49		 10.29		 6.18		 11.51	
106		 6.26		 4.26		 5.80		 11.25		 5.19		 8.49		 8.46		 6.88		 6.62		 8.95	
111		 5.57		 5.85		 7.95		 5.80		 7.80		 8.50		 14.55		 6.32		 6.44		 5.63	
116		 14.49		 10.47		 7.98		 9.87		 8.50		 10.33		 8.74		 7.01		 6.11		 7.47	
121		 8.26		 9.33		 10.40		 8.00		 10.61		 8.50		 9.69		 7.55		 9.11		 8.56	
126		 9.31		 7.11		 8.06		 9.78		 4.69		 13.23		 8.69		 8.12		 11.69		 14.39	
131		 9.89		 13.75		 10.03		 10.45		 13.35		 10.20		 8.38		 8.59		 10.04		 8.91	
136		 18.13		 10.55		 12.32		 13.54		 8.84		 14.12		 9.49		 13.46		 14.66		 10.02	
141		 14.50		 12.49		 12.77		 11.14		 10.99		 13.06		 14.09		 9.96		 15.10		 20.77	
146		 10.70		 18.81		 14.85		 12.93		 8.52		 14.84		 12.02		 12.74		 10.09		 10.44	
151		 8.79		 10.37		 9.39		 12.24		 15.25		 15.82		 12.21		 17.39		 26.49		 19.77	
156		 12.76		 10.77		 10.41		 9.30		 12.72		 10.06		 11.41		 23.51		 12.75		 17.66	
161		 12.69		 16.22		 16.34		 11.73		 9.73		 9.37		 9.50		 11.41		 16.79		 10.32	
166		 12.18		 10.47		 19.81		 9.82		 15.62		 11.45		 12.22		 8.11		 14.28		 16.24	
171		 11.45		 10.15		 12.27		 13.10		 12.35		 8.38		 10.31		 10.34		 15.46		 16.67	
176		 9.66		 11.19		 8.74		 9.41		 8.39		 13.63		 9.04		 13.22		 12.78		 11.25	
181		 11.50		 12.61		 15.94		 11.96		 10.01		 9.07		 9.36		 11.80		 9.25		 16.48	
186		 12.81		 12.90		 14.03		 9.75		 10.49		 19.94		 10.81		 14.00		 9.02		 10.59	
191		 15.11		 12.10		 9.73		 7.20		 8.67		 10.27		 12.74		 24.23		 17.57		 26.51	
196		 26.77		 30.39		 20.07		 14.58		 16.30		 24.22		 17.21		 31.53		 20.87		 25.67	
201		 23.72		 20.34		 26.56		 25.97		 24.25		 29.05		 25.33		 17.95		 25.45		 23.07	
