#gate	 #BASE
1		 0.05		 0.05		 0.05		 0.05		 0.05		 0.05		 0.06		 0.07		 0.06		 0.04	
6		 0.11		 0.14		 0.13		 0.13		 0.10		 0.15		 0.09		 0.11		 0.13		 0.08	
11		 0.19		 0.19		 0.18		 0.19		 0.11		 0.29		 0.30		 0.19		 0.29		 0.29	
16		 0.49		 0.26		 0.37		 0.26		 0.26		 0.23		 0.57		 0.50		 0.37		 0.14	
21		 0.67		 0.48		 0.32		 0.29		 0.44		 0.56		 0.59		 0.62		 0.45		 0.49	
26		 0.32		 0.24		 0.71		 0.80		 0.52		 0.41		 0.77		 0.57		 0.61		 0.54	
31		 0.61		 0.42		 0.67		 1.42		 0.93		 0.57		 0.86		 0.57		 0.52		 0.49	
36		 0.74		 0.92		 1.31		 1.25		 1.32		 0.74		 0.96		 0.53		 0.90		 0.87	
41		 0.40		 1.70		 1.36		 2.05		 1.03		 1.08		 0.51		 0.83		 1.53		 1.60	
46		 3.06		 1.79		 1.20		 0.57		 1.34		 1.05		 2.05		 1.51		 1.45		 1.18	
51		 2.01		 1.72		 1.39		 1.25		 0.99		 1.62		 2.28		 1.38		 2.29		 1.24	
56		 1.39		 3.04		 2.13		 3.16		 2.27		 0.97		 2.79		 2.03		 1.78		 1.44	
61		 1.14		 1.63		 1.30		 3.12		 3.27		 1.53		 1.73		 2.82		 1.76		 3.09	
66		 2.97		 3.97		 2.96		 2.78		 2.77		 2.96		 4.94		 3.58		 2.97		 2.15	
71		 2.71		 2.27		 2.36		 5.35		 2.14		 2.92		 2.87		 2.30		 2.06		 3.77	
76		 3.90		 4.70		 5.50		 2.55		 4.72		 1.96		 7.05		 3.18		 3.09		 6.37	
81		 3.68		 8.36		 3.39		 2.20		 3.30		 2.84		 3.71		 3.48		 3.94		 4.18	
86		 5.25		 5.44		 4.71		 3.16		 5.45		 5.22		 3.88		 5.63		 6.53		 4.97	
91		 4.45		 3.41		 3.80		 4.74		 3.74		 4.67		 4.37		 3.57		 6.27		 5.33	
96		 16.92		 7.20		 4.41		 4.63		 3.99		 6.53		 13.27		 6.69		 10.18		 4.65	
101		 6.81		 3.59		 7.76		 11.51		 5.19		 5.27		 4.50		 7.66		 3.90		 4.98	
106		 5.42		 5.43		 9.23		 8.87		 8.68		 8.24		 6.15		 6.55		 5.68		 4.94	
111		 4.51		 8.25		 11.74		 8.03		 4.92		 20.04		 7.36		 3.76		 12.64		 6.69	
116		 12.17		 10.75		 12.29		 4.73		 13.05		 11.28		 10.83		 7.01		 12.32		 7.59	
121		 12.23		 11.29		 8.95		 8.85		 9.16		 14.04		 10.15		 11.82		 10.92		 13.65	
126		 10.11		 17.27		 5.75		 7.56		 14.57		 13.93		 19.32		 15.30		 8.95		 25.27	
131		 8.96		 8.38		 9.11		 9.11		 10.13		 11.12		 29.24		 12.95		 9.49		 14.87	
136		 11.37		 15.84		 30.61		 5.99		 23.15		 26.02		 17.89		 13.71		 18.20		 16.62	
141		 8.81		 14.39		 11.57		 14.65		 70.99		 23.45		 16.29		 7.39		 25.77		 11.40	
146		 20.20		 9.66		 9.15		 13.90		 15.57		 8.12		 12.98		 9.41		 14.42		 13.89	
151		 11.56		 17.62		 19.24		 11.52		 8.40		 12.94		 11.76		 25.09		 16.57		 14.33	
156		 11.28		 24.26		 17.57		 30.52		 18.16		 14.02		 14.61		 18.56		 31.90		 11.67	
161		 32.44		 12.77		 13.74		 21.82		 10.67		 22.70		 13.23		 17.39		 19.18		 11.86	
166		 25.39		 26.81		 18.67		 15.66		 17.21		 27.93		 16.49		 26.38		 65.40		 13.34	
171		 37.60		 14.24		 14.04		 45.28		 15.40		 17.73		 90.11		 18.89		 14.95		 11.69	
176		 22.08		 45.89		 30.30		 34.14		 45.08		 27.13		 355.80		 61.64		 43.50		 66.20	
181		 77.88		 70.03		 88.47		 219.02		 48.42		 50.88		 76.80		 32.77		 45.28		 39.11	
186		 154.19		 41.06		 37.68		 33.56		 43.89		 50.44		 286.67		 49.52		 73.60		 28.14	
191		 22.58		 94.00		 23.47		 71.86		 22.51		 70.96		 20.23		 25.01		 47.47		 58.29	
196		 55.15		 166.02		 53.48		 56.58		 76.43		 42.95		 132.58		 28.68		 50.82		 87.09	
201		 37.93		 26.11		 33.31		 20.07		 132.84		 82.65		 58.60		 105.95		 73.92		 50.03	
